date	ouv	haut	bas	clot	vol	devise	
25/06/2019 00:00	1.117	1.122	1.115	1.116	0		
26/06/2019 00:00	1.117	1.119	1.114	1.116	0		
27/06/2019 00:00	1.116	1.12	1.113	1.114	0		
28/06/2019 00:00	1.116	1.119	1.112	1.115	0		
01/07/2019 00:00	1.117	1.121	1.114	1.12	0		
02/07/2019 00:00	1.12	1.121	1.114	1.115	0		
03/07/2019 00:00	1.115	1.116	1.112	1.115	0		
04/07/2019 00:00	1.115	1.117	1.113	1.114	0		
05/07/2019 00:00	1.114	1.116	1.113	1.114	0		
08/07/2019 00:00	1.116	1.117	1.114	1.116	0		
09/07/2019 00:00	1.116	1.116	1.111	1.112	0		
10/07/2019 00:00	1.112	1.113	1.11	1.112	0		
11/07/2019 00:00	1.112	1.115	1.11	1.113	0		
12/07/2019 00:00	1.113	1.117	1.112	1.113	0		
15/07/2019 00:00	1.115	1.116	1.111	1.112	0		
16/07/2019 00:00	1.112	1.117	1.105	1.107	0		
17/07/2019 00:00	1.106	1.109	1.105	1.107	0		
18/07/2019 00:00	1.107	1.114	1.106	1.113	0		
19/07/2019 00:00	1.113	1.116	1.111	1.112	0		
22/07/2019 00:00	1.115	1.116	1.111	1.113	0		
23/07/2019 00:00	1.113	1.117	1.11	1.115	0		
24/07/2019 00:00	1.116	1.123	1.115	1.12	0		
25/07/2019 00:00	1.12	1.126	1.116	1.117	0		
26/07/2019 00:00	1.117	1.119	1.11	1.11	0		
29/07/2019 00:00	1.112	1.113	1.096	1.096	0		
30/07/2019 00:00	1.096	1.097	1.086	1.089	0		
31/07/2019 00:00	1.089	1.1	1.089	1.098	0		
01/08/2019 00:00	1.098	1.099	1.093	1.093	0		
02/08/2019 00:00	1.093	1.096	1.09	1.093	0		
05/08/2019 00:00	1.094	1.095	1.083	1.084	0		
06/08/2019 00:00	1.084	1.092	1.081	1.086	0		
07/08/2019 00:00	1.087	1.088	1.081	1.084	0		
08/08/2019 00:00	1.084	1.086	1.079	1.085	0		
09/08/2019 00:00	1.085	1.086	1.064	1.064	0		
12/08/2019 00:00	1.075	1.081	1.072	1.077	0		
13/08/2019 00:00	1.077	1.082	1.076	1.08	0		
14/08/2019 00:00	1.08	1.084	1.077	1.082	0		
15/08/2019 00:00	1.083	1.092	1.081	1.088	0		
16/08/2019 00:00	1.088	1.1	1.088	1.095	0		
19/08/2019 00:00	1.095	1.097	1.091	1.095	0		
20/08/2019 00:00	1.095	1.099	1.089	1.096	0		
21/08/2019 00:00	1.096	1.097	1.091	1.094	0		
22/08/2019 00:00	1.094	1.108	1.092	1.106	0		
23/08/2019 00:00	1.106	1.107	1.092	1.092	0		
26/08/2019 00:00	1.101	1.103	1.098	1.101	0		
27/08/2019 00:00	1.101	1.109	1.099	1.108	0		
28/08/2019 00:00	1.108	1.108	1.096	1.102	0		
29/08/2019 00:00	1.102	1.105	1.1	1.102	0		
30/08/2019 00:00	1.102	1.109	1.101	1.104	0		
02/09/2019 00:00	1.106	1.108	1.098	1.1	0		
03/09/2019 00:00	1.1	1.105	1.093	1.101	0		
04/09/2019 00:00	1.101	1.111	1.101	1.11	0		
05/09/2019 00:00	1.11	1.118	1.107	1.117	0		
06/09/2019 00:00	1.11	1.118	1.103	1.103	0		
09/09/2019 00:00	1.114	1.123	1.109	1.118	0		
10/09/2019 00:00	1.118	1.121	1.114	1.118	0		
11/09/2019 00:00	1.118	1.123	1.117	1.12	0		
12/09/2019 00:00	1.12	1.125	1.114	1.115	0		
13/09/2019 00:00	1.115	1.129	1.114	1.121	0		
16/09/2019 00:00	1.129	1.13	1.123	1.13	0		
17/09/2019 00:00	1.13	1.131	1.125	1.129	0		
18/09/2019 00:00	1.129	1.134	1.126	1.13	0		
19/09/2019 00:00	1.131	1.136	1.124	1.135	0		
20/09/2019 00:00	1.131	1.138	1.13	1.132	0		
23/09/2019 00:00	1.132	1.134	1.127	1.131	0		
24/09/2019 00:00	1.131	1.136	1.128	1.134	0		
25/09/2019 00:00	1.133	1.135	1.126	1.129	0		
26/09/2019 00:00	1.129	1.131	1.125	1.129	0		
27/09/2019 00:00	1.129	1.13	1.123	1.123	0		
30/09/2019 00:00	1.122	1.132	1.122	1.128	0		
01/10/2019 00:00	1.128	1.13	1.119	1.124	0		
02/10/2019 00:00	1.125	1.128	1.116	1.122	0		
03/10/2019 00:00	1.122	1.13	1.121	1.125	0		
04/10/2019 00:00	1.125	1.128	1.119	1.124	0		
07/10/2019 00:00	1.122	1.123	1.12	1.12	0		
08/10/2019 00:00	1.12	1.121	1.111	1.116	0		
09/10/2019 00:00	1.115	1.119	1.111	1.113	0		
10/10/2019 00:00	1.113	1.133	1.109	1.13	0		
11/10/2019 00:00	1.13	1.15	1.126	1.146	0		
14/10/2019 00:00	1.145	1.148	1.135	1.146	0		
15/10/2019 00:00	1.146	1.159	1.143	1.157	0		
16/10/2019 00:00	1.157	1.163	1.147	1.158	0		
17/10/2019 00:00	1.158	1.166	1.149	1.159	0		
18/10/2019 00:00	1.159	1.163	1.154	1.161	0		
21/10/2019 00:00	1.158	1.166	1.155	1.163	0		
22/10/2019 00:00	1.163	1.166	1.148	1.157	0		
23/10/2019 00:00	1.157	1.161	1.155	1.16	0		
24/10/2019 00:00	1.16	1.166	1.152	1.157	0		
25/10/2019 00:00	1.157	1.159	1.152	1.158	0		
28/10/2019 00:00	1.158	1.161	1.156	1.159	0		
29/10/2019 00:00	1.158	1.162	1.156	1.158	0		
30/10/2019 00:00	1.158	1.161	1.153	1.157	0		
31/10/2019 00:00	1.157	1.163	1.157	1.16	0		
01/11/2019 00:00	1.16	1.163	1.156	1.156	0		
04/11/2019 00:00	1.158	1.163	1.156	1.158	0		
05/11/2019 00:00	1.158	1.165	1.157	1.163	0		
06/11/2019 00:00	1.163	1.166	1.16	1.161	0		
07/11/2019 00:00	1.162	1.163	1.155	1.16	0		
08/11/2019 00:00	1.16	1.163	1.159	1.16	0		
11/11/2019 00:00	1.161	1.169	1.16	1.165	0		
12/11/2019 00:00	1.165	1.171	1.159	1.167	0		
13/11/2019 00:00	1.167	1.169	1.164	1.168	0		
14/11/2019 00:00	1.168	1.17	1.165	1.169	0		
15/11/2019 00:00	1.169	1.17	1.166	1.168	0		
18/11/2019 00:00	1.169	1.174	1.168	1.17	0		
19/11/2019 00:00	1.17	1.171	1.165	1.167	0		
20/11/2019 00:00	1.167	1.169	1.165	1.167	0		
21/11/2019 00:00	1.167	1.17	1.165	1.167	0		
22/11/2019 00:00	1.167	1.168	1.162	1.164	0		
25/11/2019 00:00	1.166	1.173	1.163	1.171	0		
26/11/2019 00:00	1.171	1.172	1.165	1.167	0		
27/11/2019 00:00	1.167	1.177	1.165	1.176	0		
28/11/2019 00:00	1.176	1.177	1.172	1.173	0		
29/11/2019 00:00	1.173	1.175	1.171	1.174	0		
02/12/2019 00:00	1.172	1.174	1.166	1.168	0		
03/12/2019 00:00	1.169	1.175	1.167	1.173	0		
04/12/2019 00:00	1.173	1.183	1.172	1.183	0		
05/12/2019 00:00	1.183	1.186	1.182	1.185	0		
06/12/2019 00:00	1.185	1.189	1.181	1.187	0		
09/12/2019 00:00	1.188	1.191	1.187	1.187	0		
10/12/2019 00:00	1.187	1.191	1.181	1.183	0		
11/12/2019 00:00	1.183	1.189	1.182	1.185	0		
12/12/2019 00:00	1.185	1.208	1.175	1.208	0		
13/12/2019 00:00	1.203	1.208	1.192	1.199	0		
16/12/2019 00:00	1.2	1.205	1.195	1.195	0		
17/12/2019 00:00	1.194	1.195	1.175	1.177	0		
18/12/2019 00:00	1.177	1.18	1.171	1.177	0		
19/12/2019 00:00	1.177	1.18	1.169	1.169	0		
20/12/2019 00:00	1.169	1.18	1.169	1.174	0		
23/12/2019 00:00	1.174	1.176	1.164	1.167	0		
24/12/2019 00:00	1.167	1.171	1.165	1.166	0		
27/12/2019 00:00	1.167	1.175	1.166	1.171	0		
30/12/2019 00:00	1.172	1.175	1.169	1.171	0		
31/12/2019 00:00	1.172	1.183	1.17	1.182	0		
02/01/2020 00:00	1.181	1.182	1.177	1.18	0		
03/01/2020 00:00	1.175	1.176	1.171	1.172	0		
06/01/2020 00:00	1.171	1.178	1.17	1.176	0		
07/01/2020 00:00	1.171	1.181	1.173	1.176	0		
08/01/2020 00:00	1.178	1.183	1.174	1.179	0		
09/01/2020 00:00	1.179	1.181	1.172	1.177	0		
10/01/2020 00:00	1.177	1.179	1.174	1.175	0		
13/01/2020 00:00	1.173	1.174	1.165	1.167	0		
14/01/2020 00:00	1.167	1.171	1.163	1.17	0		
15/01/2020 00:00	1.17	1.171	1.166	1.17	0		
16/01/2020 00:00	1.17	1.175	1.168	1.174	0		
17/01/2020 00:00	1.174	1.178	1.172	1.174	0		
20/01/2020 00:00	1.172	1.174	1.169	1.172	0		
21/01/2020 00:00	1.172	1.178	1.171	1.177	0		
22/01/2020 00:00	1.177	1.187	1.176	1.184	0		
23/01/2020 00:00	1.185	1.188	1.182	1.187	0		
24/01/2020 00:00	1.187	1.192	1.184	1.186	0		
27/01/2020 00:00	1.186	1.189	1.183	1.185	0		
28/01/2020 00:00	1.185	1.186	1.179	1.182	0		
29/01/2020 00:00	1.182	1.184	1.181	1.182	0		
30/01/2020 00:00	1.182	1.189	1.178	1.186	0		
31/01/2020 00:00	1.186	1.192	1.186	1.19	0		
03/02/2020 00:00	1.189	1.189	1.174	1.175	0		
04/02/2020 00:00	1.175	1.181	1.171	1.18	0		
05/02/2020 00:00	1.18	1.186	1.178	1.181	0		
06/02/2020 00:00	1.182	1.182	1.177	1.178	0		
07/02/2020 00:00	1.177	1.182	1.177	1.177	0		
10/02/2020 00:00	1.178	1.185	1.176	1.183	0		
11/02/2020 00:00	1.183	1.188	1.182	1.187	0		
12/02/2020 00:00	1.187	1.193	1.186	1.192	0		
13/02/2020 00:00	1.192	1.206	1.19	1.203	0		
14/02/2020 00:00	1.203	1.205	1.198	1.205	0		
17/02/2020 00:00	1.204	1.204	1.2	1.2	0		
18/02/2020 00:00	1.2	1.207	1.198	1.204	0		
19/02/2020 00:00	1.204	1.206	1.195	1.195	0		
20/02/2020 00:00	1.195	1.197	1.188	1.194	0		
21/02/2020 00:00	1.194	1.199	1.193	1.195	0		
24/02/2020 00:00	1.196	1.199	1.189	1.191	0		
25/02/2020 00:00	1.191	1.199	1.19	1.195	0		
26/02/2020 00:00	1.195	1.197	1.184	1.186	0		
27/02/2020 00:00	1.186	1.186	1.17	1.172	0		
28/02/2020 00:00	1.172	1.174	1.157	1.163	0		
02/03/2020 00:00	1.162	1.164	1.144	1.145	0		
03/03/2020 00:00	1.145	1.152	1.143	1.147	0		
04/03/2020 00:00	1.147	1.156	1.144	1.156	0		
05/03/2020 00:00	1.156	1.16	1.151	1.153	0		
06/03/2020 00:00	1.153	1.157	1.147	1.156	0		
09/03/2020 00:00	1.15	1.156	1.14	1.145	0		
10/03/2020 00:00	1.145	1.152	1.14	1.141	0		
11/03/2020 00:00	1.141	1.148	1.13	1.139	0		
12/03/2020 00:00	1.138	1.139	1.122	1.125	0		
13/03/2020 00:00	1.125	1.131	1.101	1.101	0		
16/03/2020 00:00	1.112	1.113	1.093	1.098	0		
17/03/2020 00:00	1.098	1.103	1.094	1.096	0		
18/03/2020 00:00	1.097	1.103	1.053	1.065	0		
19/03/2020 00:00	1.064	1.096	1.053	1.073	0		
20/03/2020 00:00	1.073	1.112	1.072	1.082	0		
23/03/2020 00:00	1.084	1.092	1.065	1.074	0		
24/03/2020 00:00	1.084	1.094	1.072	1.091	0		
25/03/2020 00:00	1.091	1.104	1.078	1.087	0		
26/03/2020 00:00	1.087	1.107	1.082	1.1	0		
27/03/2020 00:00	1.101	1.123	1.101	1.115	0		
30/03/2020 00:00	1.118	1.128	1.113	1.122	0		
31/03/2020 00:00	1.122	1.135	1.115	1.127	0		
01/04/2020 00:00	1.127	1.138	1.122	1.131	0		
02/04/2020 00:00	1.132	1.144	1.13	1.142	0		
03/04/2020 00:00	1.143	1.144	1.132	1.135	0		
06/04/2020 00:00	1.131	1.141	1.129	1.133	0		
07/04/2020 00:00	1.131	1.136	1.126	1.133	0		
08/04/2020 00:00	1.133	1.144	1.132	1.142	0		
09/04/2020 00:00	1.141	1.146	1.138	1.139	0		
14/04/2020 00:00	1.139	1.152	1.144	1.149	0		
15/04/2020 00:00	1.149	1.15	1.143	1.149	0		
16/04/2020 00:00	1.148	1.151	1.146	1.15	0		
17/04/2020 00:00	1.15	1.152	1.146	1.15	0		
20/04/2020 00:00	1.15	1.15	1.144	1.145	0		
21/04/2020 00:00	1.145	1.146	1.128	1.133	0		
22/04/2020 00:00	1.133	1.141	1.131	1.14	0		
23/04/2020 00:00	1.14	1.148	1.139	1.145	0		
24/04/2020 00:00	1.146	1.148	1.14	1.143	0		
27/04/2020 00:00	1.143	1.148	1.143	1.147	0		
28/04/2020 00:00	1.148	1.151	1.146	1.148	0		
29/04/2020 00:00	1.148	1.15	1.142	1.147	0		
30/04/2020 00:00	1.147	1.153	1.144	1.15	0		
04/05/2020 00:00	1.15	1.142	1.134	1.141	0		
05/05/2020 00:00	1.141	1.151	1.141	1.148	0		
06/05/2020 00:00	1.148	1.15	1.142	1.143	0		
07/05/2020 00:00	1.143	1.148	1.138	1.141	0		
08/05/2020 00:00	1.141	1.148	1.133	1.133	0		
11/05/2020 00:00	1.145	1.147	1.135	1.141	0		
12/05/2020 00:00	1.142	1.142	1.13	1.131	0		
13/05/2020 00:00	1.131	1.135	1.126	1.131	0		
14/05/2020 00:00	1.131	1.133	1.127	1.131	0		
15/05/2020 00:00	1.132	1.133	1.118	1.119	0		
18/05/2020 00:00	1.117	1.124	1.116	1.117	0		
19/05/2020 00:00	1.117	1.123	1.116	1.121	0		
20/05/2020 00:00	1.121	1.122	1.113	1.114	0		
21/05/2020 00:00	1.115	1.118	1.111	1.117	0		
22/05/2020 00:00	1.117	1.12	1.115	1.117	0		
25/05/2020 00:00	1.117	1.12	1.117	1.119	0		
26/05/2020 00:00	1.119	1.127	1.118	1.124	0		
27/05/2020 00:00	1.124	1.125	1.112	1.114	0		
28/05/2020 00:00	1.114	1.116	1.112	1.112	0		
29/05/2020 00:00	1.112	1.114	1.104	1.112	0		
01/06/2020 00:00	1.11	1.123	1.11	1.122	0		
02/06/2020 00:00	1.122	1.128	1.121	1.124	0		
03/06/2020 00:00	1.124	1.127	1.119	1.119	0		
04/06/2020 00:00	1.119	1.122	1.11	1.111	0		
05/06/2020 00:00	1.111	1.126	1.11	1.122	0		
08/06/2020 00:00	1.122	1.128	1.12	1.127	0		
09/06/2020 00:00	1.127	1.128	1.119	1.123	0		
10/06/2020 00:00	1.122	1.126	1.119	1.121	0		
11/06/2020 00:00	1.12	1.121	1.109	1.115	0		
12/06/2020 00:00	1.116	1.118	1.111	1.114	0		
15/06/2020 00:00	1.116	1.116	1.108	1.114	0		
16/06/2020 00:00	1.114	1.123	1.113	1.116	0		
17/06/2020 00:00	1.117	1.119	1.112	1.116	0		
18/06/2020 00:00	1.116	1.117	1.106	1.109	0		
19/06/2020 00:00	1.108	1.11	1.102	1.105	0		
22/06/2020 00:00	1.106	1.109	1.104	1.107	0		
23/06/2020 00:00	1.107	1.109	1.101	1.107	0		
24/06/2020 00:00	1.106	1.109	1.102	1.104	0		
25/06/2020 00:00	1.104	1.111	1.103	1.108	0		
26/06/2020 00:00	1.107	1.108	1.099	1.1	0		
29/06/2020 00:00	1.1	1.101	1.09	1.094	0		
30/06/2020 00:00	1.095	1.104	1.093	1.104	0		
01/07/2020 00:00	1.104	1.11	1.101	1.109	0		
02/07/2020 00:00	1.109	1.111	1.107	1.11	0		
03/07/2020 00:00	1.109	1.111	1.107	1.11	0		
06/07/2020 00:00	1.109	1.109	1.103	1.104	0		
07/07/2020 00:00	1.104	1.115	1.104	1.113	0		
08/07/2020 00:00	1.113	1.114	1.11	1.113	0		
09/07/2020 00:00	1.113	1.118	1.111	1.117	0		
10/07/2020 00:00	1.117	1.12	1.115	1.117	0		
13/07/2020 00:00	1.117	1.118	1.104	1.107	0		
14/07/2020 00:00	1.107	1.107	1.097	1.101	0		
15/07/2020 00:00	1.101	1.106	1.101	1.103	0		
16/07/2020 00:00	1.103	1.104	1.099	1.103	0		
17/07/2020 00:00	1.103	1.104	1.095	1.1	0		
20/07/2020 00:00	1.1	1.108	1.094	1.106	0		
21/07/2020 00:00	1.106	1.111	1.103	1.103	0		
22/07/2020 00:00	1.103	1.105	1.094	1.101	0		
23/07/2020 00:00	1.1	1.101	1.096	1.098	0		
24/07/2020 00:00	1.098	1.101	1.096	1.097	0		
27/07/2020 00:00	1.099	1.099	1.093	1.097	0		
28/07/2020 00:00	1.097	1.105	1.095	1.103	0		
29/07/2020 00:00	1.103	1.107	1.1	1.102	0		
30/07/2020 00:00	1.103	1.109	1.101	1.105	0		
31/07/2020 00:00	1.106	1.114	1.103	1.111	0		
03/08/2020 00:00	1.111	1.114	1.109	1.112	0		
04/08/2020 00:00	1.112	1.112	1.106	1.108	0		
05/08/2020 00:00	1.108	1.11	1.104	1.106	0		
06/08/2020 00:00	1.105	1.113	1.104	1.107	0		
07/08/2020 00:00	1.106	1.109	1.106	1.107	0		
10/08/2020 00:00	1.108	1.114	1.107	1.113	0		
11/08/2020 00:00	1.113	1.115	1.11	1.112	0		
12/08/2020 00:00	1.112	1.113	1.105	1.106	0		
13/08/2020 00:00	1.106	1.107	1.105	1.106	0		
14/08/2020 00:00	1.106	1.111	1.105	1.105	0		
17/08/2020 00:00	1.106	1.107	1.102	1.104	0		
18/08/2020 00:00	1.103	1.11	1.103	1.11	0		
19/08/2020 00:00	1.11	1.111	1.106	1.107	0		
20/08/2020 00:00	1.107	1.115	1.103	1.114	0		
21/08/2020 00:00	1.114	1.118	1.109	1.11	0		
24/08/2020 00:00	1.11	1.111	1.106	1.108	0		
25/08/2020 00:00	1.108	1.113	1.107	1.111	0		
26/08/2020 00:00	1.111	1.118	1.111	1.116	0		
27/08/2020 00:00	1.116	1.12	1.115	1.117	0		
28/08/2020 00:00	1.117	1.123	1.114	1.122	0		
31/08/2020 00:00	1.121	1.122	1.115	1.12	0		
01/09/2020 00:00	1.12	1.125	1.118	1.123	0		
02/09/2020 00:00	1.123	1.127	1.122	1.126	0		
03/09/2020 00:00	1.126	1.128	1.119	1.12	0		
04/09/2020 00:00	1.12	1.124	1.117	1.122	0		
07/09/2020 00:00	1.12	1.12	1.112	1.114	0		
08/09/2020 00:00	1.114	1.115	1.102	1.103	0		
09/09/2020 00:00	1.102	1.103	1.095	1.101	0		
10/09/2020 00:00	1.101	1.102	1.079	1.083	0		
11/09/2020 00:00	1.083	1.086	1.076	1.08	0		
14/09/2020 00:00	1.081	1.087	1.08	1.083	0		
15/09/2020 00:00	1.083	1.089	1.08	1.088	0		
16/09/2020 00:00	1.088	1.1	1.086	1.098	0		
17/09/2020 00:00	1.098	1.101	1.091	1.095	0		
18/09/2020 00:00	1.095	1.097	1.09	1.091	0		
21/09/2020 00:00	1.092	1.093	1.087	1.089	0		
22/09/2020 00:00	1.089	1.094	1.085	1.088	0		
23/09/2020 00:00	1.088	1.094	1.085	1.092	0		
24/09/2020 00:00	1.091	1.097	1.089	1.093	0		
25/09/2020 00:00	1.093	1.097	1.091	1.096	0		
28/09/2020 00:00	1.097	1.108	1.097	1.101	0		
29/09/2020 00:00	1.101	1.104	1.093	1.095	0		
30/09/2020 00:00	1.095	1.103	1.092	1.102	0		
01/10/2020 00:00	1.102	1.104	1.092	1.097	0		
02/10/2020 00:00	1.097	1.106	1.096	1.104	0		
05/10/2020 00:00	1.104	1.105	1.1	1.101	0		
06/10/2020 00:00	1.102	1.104	1.096	1.097	0		
07/10/2020 00:00	1.098	1.1	1.092	1.098	0		
08/10/2020 00:00	1.098	1.103	1.096	1.099	0		
09/10/2020 00:00	1.1	1.104	1.095	1.103	0		
12/10/2020 00:00	1.103	1.108	1.101	1.107	0		
13/10/2020 00:00	1.106	1.109	1.101	1.101	0		
14/10/2020 00:00	1.101	1.11	1.096	1.108	0		
15/10/2020 00:00	1.108	1.109	1.101	1.102	0		
16/10/2020 00:00	1.102	1.106	1.098	1.102	0		
19/10/2020 00:00	1.101	1.108	1.099	1.1	0		
20/10/2020 00:00	1.1	1.101	1.093	1.095	0		
21/10/2020 00:00	1.095	1.11	1.094	1.109	0		
22/10/2020 00:00	1.108	1.109	1.105	1.107	0		
23/10/2020 00:00	1.107	1.109	1.098	1.1	0		
26/10/2020 00:00	1.101	1.106	1.098	1.102	0		
27/10/2020 00:00	1.102	1.108	1.101	1.106	0		
28/10/2020 00:00	1.106	1.109	1.102	1.106	0		
29/10/2020 00:00	1.106	1.11	1.104	1.108	0		
30/10/2020 00:00	1.108	1.113	1.105	1.109	0		
02/11/2020 00:00	1.11	1.112	1.105	1.11	0		
03/11/2020 00:00	1.11	1.115	1.107	1.115	0		
04/11/2020 00:00	1.115	1.118	1.106	1.106	0		
05/11/2020 00:00	1.104	1.112	1.103	1.112	0		
06/11/2020 00:00	1.112	1.113	1.104	1.107	0		
09/11/2020 00:00	1.107	1.115	1.105	1.114	0		
10/11/2020 00:00	1.114	1.126	1.113	1.123	0		
11/11/2020 00:00	1.122	1.129	1.121	1.122	0		
12/11/2020 00:00	1.123	1.123	1.11	1.111	0		
13/11/2020 00:00	1.111	1.116	1.111	1.115	0		
16/11/2020 00:00	1.115	1.117	1.112	1.113	0		
17/11/2020 00:00	1.113	1.118	1.113	1.117	0		
18/11/2020 00:00	1.117	1.122	1.116	1.119	0		
19/11/2020 00:00	1.119	1.121	1.116	1.117	0		
20/11/2020 00:00	1.117	1.121	1.116	1.121	0		
23/11/2020 00:00	1.121	1.128	1.121	1.125	0		
24/11/2020 00:00	1.125	1.127	1.122	1.123	0		
25/11/2020 00:00	1.124	1.125	1.119	1.123	0		
26/11/2020 00:00	1.123	1.124	1.119	1.121	0		
27/11/2020 00:00	1.121	1.122	1.111	1.113	0		
30/11/2020 00:00	1.113	1.118	1.111	1.117	0		
01/12/2020 00:00	1.117	1.12	1.11	1.112	0		
02/12/2020 00:00	1.113	1.113	1.101	1.104	0		
03/12/2020 00:00	1.104	1.111	1.103	1.108	0		
04/12/2020 00:00	1.108	1.113	1.103	1.109	0		
07/12/2020 00:00	1.107	1.108	1.094	1.104	0		
08/12/2020 00:00	1.104	1.105	1.097	1.103	0		
09/12/2020 00:00	1.104	1.113	1.101	1.106	0		
10/12/2020 00:00	1.106	1.108	1.094	1.096	0		
11/12/2020 00:00	1.096	1.097	1.083	1.092	0		
14/12/2020 00:00	1.099	1.106	1.096	1.098	0		
15/12/2020 00:00	1.098	1.108	1.093	1.107	0		
16/12/2020 00:00	1.107	1.112	1.104	1.107	0		
17/12/2020 00:00	1.107	1.113	1.105	1.107	0		
18/12/2020 00:00	1.107	1.108	1.101	1.104	0		
21/12/2020 00:00	1.099	1.102	1.085	1.099	0		
22/12/2020 00:00	1.099	1.101	1.092	1.099	0		
23/12/2020 00:00	1.099	1.111	1.098	1.108	0		
24/12/2020 00:00	1.108	1.117	1.107	1.114	0		
28/12/2020 00:00	1.114	1.115	1.1	1.102	0		
29/12/2020 00:00	1.102	1.104	1.1	1.102	0		
30/12/2020 00:00	1.102	1.11	1.101	1.107	0		
31/12/2020 00:00	1.108	1.117	1.107	1.117	0		
04/01/2021 00:00	1.108	1.117	1.105	1.108	0		
05/01/2021 00:00	1.108	1.109	1.104	1.108	0		
06/01/2021 00:00	1.108	1.109	1.101	1.105	0		
07/01/2021 00:00	1.104	1.109	1.102	1.106	0		
08/01/2021 00:00	1.105	1.112	1.105	1.11	0		
11/01/2021 00:00	1.11	1.113	1.107	1.112	0		
12/01/2021 00:00	1.112	1.121	1.112	1.12	0		
13/01/2021 00:00	1.119	1.126	1.119	1.122	0		
14/01/2021 00:00	1.122	1.128	1.121	1.126	0		
15/01/2021 00:00	1.127	1.128	1.123	1.125	0		
18/01/2021 00:00	1.125	1.126	1.12	1.125	0		
19/01/2021 00:00	1.125	1.126	1.121	1.124	0		
20/01/2021 00:00	1.124	1.132	1.123	1.128	0		
21/01/2021 00:00	1.128	1.133	1.127	1.129	0		
22/01/2021 00:00	1.129	1.129	1.121	1.124	0		
25/01/2021 00:00	1.124	1.128	1.124	1.126	0		
26/01/2021 00:00	1.126	1.13	1.123	1.129	0		
27/01/2021 00:00	1.129	1.135	1.129	1.13	0		
28/01/2021 00:00	1.131	1.133	1.126	1.132	0		
29/01/2021 00:00	1.133	1.133	1.127	1.13	0		
01/02/2021 00:00	1.13	1.136	1.13	1.133	0		
02/02/2021 00:00	1.133	1.137	1.132	1.134	0		
03/02/2021 00:00	1.135	1.137	1.133	1.133	0		
04/02/2021 00:00	1.134	1.143	1.131	1.142	0		
05/02/2021 00:00	1.142	1.144	1.139	1.14	0		
08/02/2021 00:00	1.14	1.142	1.137	1.14	0		
09/02/2021 00:00	1.141	1.141	1.137	1.14	0		
10/02/2021 00:00	1.139	1.143	1.139	1.141	0		
11/02/2021 00:00	1.141	1.143	1.138	1.139	0		
12/02/2021 00:00	1.139	1.144	1.137	1.143	0		
15/02/2021 00:00	1.139	1.148	1.137	1.147	0		
16/02/2021 00:00	1.146	1.15	1.144	1.149	0		
17/02/2021 00:00	1.149	1.152	1.147	1.151	0		
18/02/2021 00:00	1.151	1.157	1.149	1.155	0		
19/02/2021 00:00	1.156	1.157	1.152	1.156	0		
22/02/2021 00:00	1.156	1.158	1.155	1.157	0		
23/02/2021 00:00	1.157	1.162	1.155	1.161	0		
24/02/2021 00:00	1.161	1.171	1.161	1.163	0		
25/02/2021 00:00	1.163	1.163	1.15	1.15	0		
26/02/2021 00:00	1.15	1.155	1.145	1.153	0		
01/03/2021 00:00	1.155	1.16	1.154	1.156	0		
02/03/2021 00:00	1.156	1.158	1.154	1.155	0		
03/03/2021 00:00	1.155	1.16	1.154	1.157	0		
04/03/2021 00:00	1.156	1.163	1.156	1.16	0		
05/03/2021 00:00	1.161	1.162	1.156	1.162	0		
08/03/2021 00:00	1.161	1.167	1.16	1.167	0		
09/03/2021 00:00	1.167	1.17	1.165	1.167	0		
10/03/2021 00:00	1.168	1.17	1.166	1.168	0		
11/03/2021 00:00	1.168	1.17	1.165	1.167	0		
12/03/2021 00:00	1.167	1.169	1.163	1.165	0		
15/03/2021 00:00	1.165	1.169	1.163	1.165	0		
16/03/2021 00:00	1.165	1.169	1.157	1.168	0		
17/03/2021 00:00	1.168	1.171	1.162	1.166	0		
18/03/2021 00:00	1.166	1.172	1.165	1.169	0		
19/03/2021 00:00	1.169	1.172	1.161	1.161	0		
22/03/2021 00:00	1.164	1.166	1.158	1.161	0		
23/03/2021 00:00	1.161	1.163	1.157	1.16	0		
24/03/2021 00:00	1.16	1.161	1.157	1.159	0		
25/03/2021 00:00	1.158	1.169	1.157	1.167	0		
26/03/2021 00:00	1.167	1.172	1.167	1.167	0		
29/03/2021 00:00	1.169	1.176	1.168	1.17	0		
30/03/2021 00:00	1.17	1.173	1.169	1.173	0		
31/03/2021 00:00	1.172	1.177	1.171	1.175	0		
01/04/2021 00:00	1.175	1.178	1.172	1.174	0		
06/04/2021 00:00	1.174	1.179	1.164	1.165	0		
07/04/2021 00:00	1.165	1.166	1.154	1.158	0		
08/04/2021 00:00	1.157	1.16	1.152	1.153	0		
09/04/2021 00:00	1.153	1.157	1.15	1.152	0		
12/04/2021 00:00	1.153	1.157	1.149	1.153	0		
13/04/2021 00:00	1.154	1.157	1.148	1.151	0		
14/04/2021 00:00	1.151	1.154	1.15	1.15	0		
15/04/2021 00:00	1.15	1.155	1.15	1.152	0		
16/04/2021 00:00	1.152	1.155	1.147	1.155	0		
19/04/2021 00:00	1.155	1.164	1.153	1.162	0		
20/04/2021 00:00	1.162	1.162	1.157	1.158	0		
21/04/2021 00:00	1.158	1.161	1.157	1.157	0		
22/04/2021 00:00	1.157	1.158	1.149	1.152	0		
23/04/2021 00:00	1.152	1.153	1.147	1.147	0		
26/04/2021 00:00	1.147	1.152	1.147	1.15	0		
27/04/2021 00:00	1.15	1.153	1.149	1.15	0		
28/04/2021 00:00	1.15	1.152	1.148	1.149	0		
29/04/2021 00:00	1.149	1.153	1.149	1.15	0		
30/04/2021 00:00	1.149	1.152	1.147	1.149	0		
03/05/2021 00:00	1.149	1.154	1.147	1.153	0		
04/05/2021 00:00	1.153	1.157	1.151	1.156	0		
05/05/2021 00:00	1.156	1.16	1.156	1.158	0		
06/05/2021 00:00	1.158	1.159	1.149	1.151	0		
07/05/2021 00:00	1.152	1.154	1.149	1.149	0		
10/05/2021 00:00	1.153	1.164	1.153	1.164	0		
11/05/2021 00:00	1.164	1.165	1.161	1.164	0		
12/05/2021 00:00	1.164	1.168	1.163	1.165	0		
13/05/2021 00:00	1.165	1.165	1.16	1.163	0		
14/05/2021 00:00	1.163	1.163	1.159	1.161	0		
17/05/2021 00:00	1.161	1.164	1.158	1.164	0		
18/05/2021 00:00	1.163	1.165	1.16	1.161	0		
19/05/2021 00:00	1.161	1.162	1.157	1.159	0		
20/05/2021 00:00	1.159	1.161	1.157	1.161	0		
21/05/2021 00:00	1.16	1.165	1.159	1.162	0		
24/05/2021 00:00	1.161	1.162	1.156	1.159	0		
25/05/2021 00:00	1.159	1.16	1.153	1.155	0		
26/05/2021 00:00	1.155	1.159	1.153	1.158	0		
27/05/2021 00:00	1.158	1.166	1.156	1.165	0		
28/05/2021 00:00	1.165	1.166	1.162	1.165	0		
31/05/2021 00:00	1.163	1.164	1.161	1.162	0		
01/06/2021 00:00	1.162	1.165	1.157	1.158	0		
02/06/2021 00:00	1.159	1.163	1.157	1.161	0		
03/06/2021 00:00	1.161	1.166	1.16	1.163	0		
04/06/2021 00:00	1.163	1.168	1.161	1.164	0		
07/06/2021 00:00	1.164	1.166	1.161	1.163	0		
08/06/2021 00:00	1.163	1.164	1.159	1.162	0		
09/06/2021 00:00	1.162	1.164	1.158	1.159	0		
10/06/2021 00:00	1.159	1.165	1.157	1.164	0		
11/06/2021 00:00	1.164	1.167	1.162	1.165	0		
14/06/2021 00:00	1.166	1.167	1.162	1.164	0		
15/06/2021 00:00	1.164	1.165	1.159	1.161	0		
16/06/2021 00:00	1.161	1.168	1.161	1.166	0		
17/06/2021 00:00	1.166	1.171	1.165	1.17	0		
18/06/2021 00:00	1.17	1.171	1.163	1.164	0		
21/06/2021 00:00	1.163	1.17	1.162	1.169	0		
22/06/2021 00:00	1.169	1.17	1.165	1.168	0		
23/06/2021 00:00	1.168	1.172	1.167	1.171	0		
24/06/2021 00:00	1.171	1.172	1.164	1.167	0		
25/06/2021 00:00	1.167	1.167	1.16	1.163	0		
28/06/2021 00:00	1.163	1.168	1.163	1.164	0		
29/06/2021 00:00	1.164	1.165	1.161	1.163	0		
30/06/2021 00:00	1.163	1.167	1.161	1.166	0		
01/07/2021 00:00	1.166	1.168	1.161	1.161	0		
02/07/2021 00:00	1.161	1.166	1.161	1.166	0		
05/07/2021 00:00	1.165	1.169	1.165	1.167	0		
06/07/2021 00:00	1.167	1.172	1.166	1.168	0		
07/07/2021 00:00	1.167	1.171	1.165	1.17	0		
08/07/2021 00:00	1.17	1.171	1.16	1.164	0		
09/07/2021 00:00	1.164	1.171	1.162	1.171	0		
12/07/2021 00:00	1.17	1.172	1.167	1.171	0		
13/07/2021 00:00	1.171	1.174	1.168	1.173	0		
14/07/2021 00:00	1.173	1.177	1.17	1.171	0		
15/07/2021 00:00	1.171	1.175	1.167	1.171	0		
16/07/2021 00:00	1.171	1.173	1.165	1.167	0		
19/07/2021 00:00	1.166	1.167	1.157	1.159	0		
20/07/2021 00:00	1.159	1.16	1.153	1.157	0		
21/07/2021 00:00	1.156	1.163	1.155	1.162	0		
22/07/2021 00:00	1.163	1.171	1.161	1.169	0		
23/07/2021 00:00	1.169	1.17	1.165	1.168	0		
26/07/2021 00:00	1.169	1.172	1.166	1.171	0		
27/07/2021 00:00	1.171	1.175	1.169	1.175	0		
28/07/2021 00:00	1.175	1.177	1.173	1.174	0		
29/07/2021 00:00	1.174	1.177	1.174	1.174	0		
30/07/2021 00:00	1.174	1.178	1.171	1.172	0		
02/08/2021 00:00	1.172	1.172	1.169	1.169	0		
03/08/2021 00:00	1.169	1.173	1.169	1.173	0		
04/08/2021 00:00	1.173	1.176	1.172	1.173	0		
05/08/2021 00:00	1.173	1.178	1.173	1.177	0		
06/08/2021 00:00	1.177	1.181	1.177	1.179	0		
09/08/2021 00:00	1.18	1.182	1.178	1.18	0		
10/08/2021 00:00	1.18	1.183	1.179	1.181	0		
11/08/2021 00:00	1.181	1.182	1.179	1.181	0		
12/08/2021 00:00	1.181	1.182	1.176	1.177	0		
13/08/2021 00:00	1.177	1.178	1.174	1.175	0		
16/08/2021 00:00	1.175	1.179	1.174	1.175	0		
17/08/2021 00:00	1.175	1.176	1.171	1.174	0		
18/08/2021 00:00	1.174	1.176	1.172	1.174	0		
19/08/2021 00:00	1.174	1.176	1.167	1.168	0		
20/08/2021 00:00	1.168	1.168	1.164	1.165	0		
23/08/2021 00:00	1.166	1.17	1.164	1.168	0		
24/08/2021 00:00	1.168	1.171	1.166	1.168	0		
25/08/2021 00:00	1.168	1.17	1.167	1.169	0		
26/08/2021 00:00	1.169	1.17	1.165	1.165	0		
27/08/2021 00:00	1.166	1.17	1.164	1.167	0		
30/08/2021 00:00	1.166	1.167	1.165	1.166	0		
31/08/2021 00:00	1.166	1.168	1.163	1.165	0		
01/09/2021 00:00	1.165	1.166	1.162	1.163	0		
02/09/2021 00:00	1.163	1.166	1.163	1.165	0		
03/09/2021 00:00	1.165	1.168	1.163	1.167	0		
06/09/2021 00:00	1.167	1.168	1.164	1.166	0		
07/09/2021 00:00	1.166	1.166	1.161	1.164	0		
08/09/2021 00:00	1.164	1.166	1.162	1.166	0		
09/09/2021 00:00	1.166	1.173	1.164	1.17	0		
10/09/2021 00:00	1.17	1.174	1.169	1.171	0		
13/09/2021 00:00	1.172	1.175	1.171	1.172	0		
14/09/2021 00:00	1.172	1.175	1.169	1.17	0		
15/09/2021 00:00	1.17	1.173	1.168	1.171	0		
16/09/2021 00:00	1.171	1.177	1.17	1.172	0		
17/09/2021 00:00	1.172	1.173	1.169	1.172	0		
20/09/2021 00:00	1.172	1.172	1.163	1.164	0		
21/09/2021 00:00	1.164	1.168	1.163	1.165	0		
22/09/2021 00:00	1.165	1.166	1.161	1.165	0		
23/09/2021 00:00	1.165	1.172	1.164	1.169	0		
24/09/2021 00:00	1.169	1.17	1.166	1.168	0		
27/09/2021 00:00	1.171	1.173	1.166	1.171	0		
28/09/2021 00:00	1.171	1.173	1.157	1.159	0		
29/09/2021 00:00	1.159	1.161	1.155	1.158	0		
30/09/2021 00:00	1.158	1.166	1.157	1.163	0		
01/10/2021 00:00	1.163	1.171	1.16	1.168	0		
04/10/2021 00:00	1.168	1.172	1.166	1.171	0		
05/10/2021 00:00	1.171	1.177	1.17	1.175	0		
06/10/2021 00:00	1.175	1.177	1.173	1.176	0		
07/10/2021 00:00	1.176	1.18	1.173	1.178	0		
08/10/2021 00:00	1.178	1.18	1.176	1.176	0		
11/10/2021 00:00	1.177	1.18	1.176	1.177	0		
12/10/2021 00:00	1.177	1.18	1.174	1.178	0		
13/10/2021 00:00	1.178	1.18	1.177	1.178	0		
14/10/2021 00:00	1.178	1.183	1.178	1.179	0		
15/10/2021 00:00	1.179	1.187	1.178	1.186	0		
18/10/2021 00:00	1.186	1.187	1.181	1.182	0		
19/10/2021 00:00	1.182	1.187	1.181	1.186	0		
20/10/2021 00:00	1.186	1.187	1.182	1.187	0		
21/10/2021 00:00	1.187	1.187	1.184	1.187	0		
22/10/2021 00:00	1.187	1.188	1.179	1.185	0		
25/10/2021 00:00	1.182	1.187	1.181	1.186	0		
26/10/2021 00:00	1.186	1.19	1.185	1.187	0		
27/10/2021 00:00	1.188	1.188	1.181	1.184	0		
28/10/2021 00:00	1.184	1.187	1.18	1.181	0		
29/10/2021 00:00	1.181	1.186	1.18	1.185	0		
01/11/2021 00:00	1.184	1.185	1.176	1.177	0		
02/11/2021 00:00	1.177	1.178	1.175	1.176	0		
03/11/2021 00:00	1.176	1.18	1.175	1.179	0		
04/11/2021 00:00	1.179	1.182	1.168	1.169	0		
05/11/2021 00:00	1.169	1.17	1.163	1.169	0		
08/11/2021 00:00	1.167	1.172	1.164	1.17	0		
09/11/2021 00:00	1.171	1.174	1.166	1.17	0		
10/11/2021 00:00	1.17	1.172	1.167	1.168	0		
11/11/2021 00:00	1.168	1.171	1.166	1.167	0		
12/11/2021 00:00	1.167	1.173	1.167	1.172	0		
15/11/2021 00:00	1.172	1.181	1.171	1.18	0		
16/11/2021 00:00	1.18	1.187	1.179	1.186	0		
17/11/2021 00:00	1.186	1.193	1.185	1.192	0		
18/11/2021 00:00	1.192	1.193	1.186	1.187	0		
19/11/2021 00:00	1.187	1.193	1.186	1.192	0		
22/11/2021 00:00	1.192	1.193	1.19	1.192	0		
23/11/2021 00:00	1.192	1.193	1.186	1.189	0		
24/11/2021 00:00	1.189	1.193	1.188	1.19	0		
25/11/2021 00:00	1.19	1.191	1.185	1.189	0		
26/11/2021 00:00	1.189	1.189	1.177	1.178	0		
29/11/2021 00:00	1.181	1.184	1.178	1.179	0		
30/11/2021 00:00	1.179	1.18	1.171	1.173	0		
01/12/2021 00:00	1.173	1.178	1.172	1.173	0		
02/12/2021 00:00	1.173	1.178	1.173	1.177	0		
03/12/2021 00:00	1.177	1.178	1.169	1.17	0		
06/12/2021 00:00	1.17	1.176	1.17	1.175	0		
07/12/2021 00:00	1.175	1.178	1.175	1.175	0		
08/12/2021 00:00	1.175	1.176	1.163	1.164	0		
09/12/2021 00:00	1.164	1.171	1.164	1.17	0		
10/12/2021 00:00	1.171	1.173	1.169	1.173	0		
13/12/2021 00:00	1.172	1.176	1.169	1.171	0		
14/12/2021 00:00	1.171	1.176	1.169	1.175	0		
15/12/2021 00:00	1.175	1.179	1.172	1.175	0		
16/12/2021 00:00	1.174	1.183	1.173	1.176	0		
17/12/2021 00:00	1.176	1.178	1.173	1.178	0		
20/12/2021 00:00	1.177	1.178	1.17	1.171	0		
21/12/2021 00:00	1.171	1.177	1.17	1.176	0		
22/12/2021 00:00	1.176	1.18	1.175	1.179	0		
23/12/2021 00:00	1.179	1.188	1.177	1.184	0		
24/12/2021 00:00	1.184	1.186	1.18	1.184	0		
27/12/2021 00:00	1.184	1.187	1.183	1.187	0		
28/12/2021 00:00	1.187	1.19	1.186	1.188	0		
29/12/2021 00:00	1.188	1.19	1.187	1.189	0		
30/12/2021 00:00	1.189	1.194	1.188	1.192	0		
31/12/2021 00:00	1.192	1.195	1.189	1.191	0		
03/01/2022 00:00	1.189	1.195	1.188	1.193	0		
04/01/2022 00:00	1.193	1.2	1.191	1.199	0		
05/01/2022 00:00	1.199	1.2	1.194	1.198	0		
06/01/2022 00:00	1.198	1.199	1.194	1.198	0		
07/01/2022 00:00	1.198	1.2	1.195	1.196	0		
10/01/2022 00:00	1.196	1.2	1.195	1.198	0		
11/01/2022 00:00	1.198	1.201	1.198	1.199	0		
12/01/2022 00:00	1.199	1.201	1.197	1.198	0		
13/01/2022 00:00	1.198	1.2	1.196	1.197	0		
14/01/2022 00:00	1.197	1.199	1.196	1.198	0		
17/01/2022 00:00	1.198	1.199	1.195	1.196	0		
18/01/2022 00:00	1.196	1.201	1.193	1.2	0		
19/01/2022 00:00	1.201	1.203	1.199	1.2	0		
20/01/2022 00:00	1.2	1.204	1.199	1.202	0		
21/01/2022 00:00	1.202	1.203	1.194	1.195	0		
24/01/2022 00:00	1.195	1.198	1.187	1.191	0		
25/01/2022 00:00	1.191	1.197	1.19	1.195	0		
26/01/2022 00:00	1.195	1.199	1.194	1.197	0		
27/01/2022 00:00	1.197	1.202	1.196	1.201	0		
28/01/2022 00:00	1.201	1.204	1.2	1.201	0		
31/01/2022 00:00	1.201	1.204	1.196	1.197	0		
01/02/2022 00:00	1.197	1.202	1.196	1.2	0		
02/02/2022 00:00	1.2	1.201	1.197	1.201	0		
03/02/2022 00:00	1.201	1.207	1.188	1.189	0		
04/02/2022 00:00	1.189	1.19	1.181	1.182	0		
07/02/2022 00:00	1.181	1.185	1.179	1.183	0		
08/02/2022 00:00	1.183	1.189	1.182	1.186	0		
09/02/2022 00:00	1.187	1.189	1.183	1.185	0		
10/02/2022 00:00	1.185	1.191	1.184	1.187	0		
11/02/2022 00:00	1.187	1.196	1.187	1.194	0		
14/02/2022 00:00	1.195	1.198	1.192	1.197	0		
15/02/2022 00:00	1.197	1.198	1.19	1.192	0		
16/02/2022 00:00	1.192	1.196	1.19	1.194	0		
17/02/2022 00:00	1.194	1.2	1.194	1.198	0		
18/02/2022 00:00	1.198	1.201	1.197	1.2	0		
21/02/2022 00:00	1.201	1.203	1.197	1.203	0		
22/02/2022 00:00	1.203	1.203	1.193	1.2	0		
23/02/2022 00:00	1.199	1.201	1.197	1.198	0		
24/02/2022 00:00	1.198	1.204	1.194	1.195	0		
25/02/2022 00:00	1.195	1.198	1.189	1.19	0		
28/02/2022 00:00	1.196	1.199	1.193	1.196	0		
01/03/2022 00:00	1.197	1.202	1.195	1.198	0		
02/03/2022 00:00	1.198	1.206	1.195	1.205	0		
03/03/2022 00:00	1.205	1.209	1.205	1.206	0		
04/03/2022 00:00	1.206	1.215	1.206	1.21	0		
07/03/2022 00:00	1.211	1.219	1.204	1.208	0		
08/03/2022 00:00	1.208	1.208	1.198	1.202	0		
09/03/2022 00:00	1.202	1.202	1.188	1.191	0		
10/03/2022 00:00	1.191	1.195	1.185	1.191	0		
11/03/2022 00:00	1.191	1.196	1.188	1.194	0		
14/03/2022 00:00	1.193	1.194	1.186	1.189	0		
15/03/2022 00:00	1.189	1.193	1.183	1.19	0		
16/03/2022 00:00	1.19	1.194	1.186	1.192	0		
17/03/2022 00:00	1.192	1.195	1.182	1.186	0		
18/03/2022 00:00	1.186	1.194	1.185	1.191	0		
21/03/2022 00:00	1.193	1.196	1.188	1.195	0		
22/03/2022 00:00	1.195	1.204	1.194	1.202	0		
23/03/2022 00:00	1.202	1.205	1.198	1.2	0		
24/03/2022 00:00	1.2	1.202	1.197	1.199	0		
25/03/2022 00:00	1.199	1.202	1.195	1.201	0		
28/03/2022 00:00	1.202	1.202	1.19	1.192	0		
29/03/2022 00:00	1.192	1.193	1.179	1.181	0		
30/03/2022 00:00	1.181	1.183	1.177	1.177	0		
31/03/2022 00:00	1.179	1.188	1.175	1.187	0		
01/04/2022 00:00	1.187	1.189	1.185	1.187	0		
04/04/2022 00:00	1.188	1.196	1.186	1.195	0		
05/04/2022 00:00	1.195	1.201	1.194	1.199	0		
06/04/2022 00:00	1.199	1.201	1.197	1.199	0		
07/04/2022 00:00	1.199	1.203	1.195	1.202	0		
08/04/2022 00:00	1.202	1.204	1.196	1.198	0		
11/04/2022 00:00	1.195	1.199	1.193	1.197	0		
12/04/2022 00:00	1.197	1.202	1.196	1.201	0		
13/04/2022 00:00	1.201	1.206	1.198	1.204	0		
14/04/2022 00:00	1.204	1.212	1.203	1.207	0		
19/04/2022 00:00	1.208	1.208	1.203	1.205	0		
20/04/2022 00:00	1.205	1.208	1.2	1.204	0		
21/04/2022 00:00	1.204	1.206	1.195	1.202	0		
22/04/2022 00:00	1.203	1.203	1.182	1.183	0		
25/04/2022 00:00	1.189	1.191	1.185	1.19	0		
26/04/2022 00:00	1.19	1.192	1.182	1.182	0		
27/04/2022 00:00	1.182	1.192	1.181	1.188	0		
28/04/2022 00:00	1.188	1.193	1.182	1.187	0		
29/04/2022 00:00	1.187	1.193	1.186	1.193	0		
03/05/2022 00:00	1.193	1.194	1.186	1.187	0		
04/05/2022 00:00	1.188	1.191	1.182	1.189	0		
05/05/2022 00:00	1.189	1.191	1.17	1.172	0		
06/05/2022 00:00	1.172	1.175	1.164	1.169	0		
09/05/2022 00:00	1.17	1.174	1.167	1.168	0		
10/05/2022 00:00	1.168	1.172	1.166	1.17	0		
11/05/2022 00:00	1.168	1.174	1.164	1.165	0		
12/05/2022 00:00	1.165	1.178	1.16	1.175	0		
13/05/2022 00:00	1.175	1.178	1.173	1.178	0		
16/05/2022 00:00	1.178	1.181	1.172	1.181	0		
17/05/2022 00:00	1.181	1.192	1.18	1.184	0		
18/05/2022 00:00	1.184	1.186	1.177	1.179	0		
19/05/2022 00:00	1.179	1.184	1.177	1.179	0		
20/05/2022 00:00	1.179	1.184	1.177	1.182	0		
23/05/2022 00:00	1.182	1.186	1.176	1.177	0		
24/05/2022 00:00	1.177	1.179	1.164	1.168	0		
25/05/2022 00:00	1.168	1.178	1.167	1.178	0		
26/05/2022 00:00	1.178	1.179	1.172	1.175	0		
27/05/2022 00:00	1.174	1.179	1.174	1.177	0		
30/05/2022 00:00	1.176	1.178	1.173	1.174	0		
31/05/2022 00:00	1.174	1.178	1.172	1.174	0		
01/06/2022 00:00	1.174	1.176	1.169	1.172	0		
06/06/2022 00:00	1.172	1.173	1.17	1.172	0		
07/06/2022 00:00	1.172	1.178	1.165	1.176	0		
08/06/2022 00:00	1.176	1.177	1.168	1.17	0		
09/06/2022 00:00	1.17	1.178	1.164	1.177	0		
10/06/2022 00:00	1.177	1.178	1.17	1.171	0		
13/06/2022 00:00	1.171	1.172	1.163	1.166	0		
14/06/2022 00:00	1.166	1.169	1.147	1.152	0		
15/06/2022 00:00	1.152	1.168	1.146	1.165	0		
16/06/2022 00:00	1.165	1.175	1.158	1.171	0		
17/06/2022 00:00	1.171	1.174	1.163	1.164	0		
20/06/2022 00:00	1.165	1.167	1.161	1.165	0		
21/06/2022 00:00	1.165	1.167	1.161	1.165	0		
22/06/2022 00:00	1.166	1.166	1.159	1.161	0		
23/06/2022 00:00	1.161	1.167	1.157	1.165	0		
24/06/2022 00:00	1.165	1.168	1.162	1.162	0		
27/06/2022 00:00	1.163	1.166	1.159	1.159	0		
28/06/2022 00:00	1.159	1.161	1.156	1.158	0		
29/06/2022 00:00	1.158	1.163	1.154	1.161	0		
30/06/2022 00:00	1.161	1.17	1.16	1.162	0		
01/07/2022 00:00	1.162	1.162	1.152	1.16	0		
04/07/2022 00:00	1.161	1.164	1.159	1.161	0		
05/07/2022 00:00	1.161	1.171	1.16	1.165	0		
06/07/2022 00:00	1.164	1.174	1.162	1.171	0		
07/07/2022 00:00	1.171	1.184	1.169	1.183	0		
08/07/2022 00:00	1.183	1.185	1.18	1.181	0		
11/07/2022 00:00	1.182	1.185	1.178	1.185	0		
12/07/2022 00:00	1.185	1.186	1.179	1.185	0		
13/07/2022 00:00	1.184	1.19	1.181	1.182	0		
14/07/2022 00:00	1.182	1.185	1.177	1.18	0		
15/07/2022 00:00	1.18	1.183	1.175	1.177	0		
18/07/2022 00:00	1.177	1.183	1.176	1.178	0		
19/07/2022 00:00	1.178	1.18	1.171	1.173	0		
20/07/2022 00:00	1.173	1.179	1.171	1.177	0		
21/07/2022 00:00	1.177	1.177	1.165	1.173	0		
22/07/2022 00:00	1.173	1.178	1.173	1.176	0		
25/07/2022 00:00	1.175	1.18	1.173	1.178	0		
26/07/2022 00:00	1.179	1.191	1.178	1.189	0		
27/07/2022 00:00	1.189	1.195	1.185	1.192	0		
28/07/2022 00:00	1.192	1.198	1.19	1.194	0		
29/07/2022 00:00	1.194	1.195	1.188	1.192	0		
01/08/2022 00:00	1.191	1.197	1.19	1.194	0		
02/08/2022 00:00	1.194	1.199	1.19	1.197	0		
03/08/2022 00:00	1.197	1.199	1.194	1.194	0		
04/08/2022 00:00	1.194	1.199	1.185	1.186	0		
05/08/2022 00:00	1.186	1.189	1.183	1.185	0		
08/08/2022 00:00	1.185	1.189	1.184	1.185	0		
09/08/2022 00:00	1.185	1.186	1.182	1.182	0		
10/08/2022 00:00	1.182	1.188	1.181	1.186	0		
11/08/2022 00:00	1.186	1.187	1.18	1.182	0		
12/08/2022 00:00	1.182	1.184	1.178	1.183	0		
15/08/2022 00:00	1.182	1.188	1.181	1.186	0		
16/08/2022 00:00	1.186	1.19	1.185	1.19	0		
17/08/2022 00:00	1.19	1.192	1.183	1.184	0		
18/08/2022 00:00	1.184	1.187	1.182	1.183	0		
19/08/2022 00:00	1.183	1.184	1.175	1.178	0		
22/08/2022 00:00	1.178	1.186	1.177	1.183	0		
23/08/2022 00:00	1.183	1.189	1.182	1.187	0		
24/08/2022 00:00	1.187	1.189	1.182	1.183	0		
25/08/2022 00:00	1.183	1.188	1.182	1.187	0		
26/08/2022 00:00	1.187	1.187	1.176	1.177	0		
30/08/2022 00:00	1.178	1.174	1.162	1.164	0		
31/08/2022 00:00	1.164	1.167	1.155	1.156	0		
01/09/2022 00:00	1.156	1.161	1.153	1.16	0		
02/09/2022 00:00	1.161	1.161	1.152	1.157	0		
05/09/2022 00:00	1.158	1.161	1.155	1.16	0		
06/09/2022 00:00	1.16	1.167	1.16	1.163	0		
07/09/2022 00:00	1.163	1.164	1.151	1.153	0		
08/09/2022 00:00	1.153	1.156	1.148	1.15	0		
09/09/2022 00:00	1.15	1.155	1.143	1.143	0		
12/09/2022 00:00	1.153	1.156	1.146	1.154	0		
13/09/2022 00:00	1.154	1.16	1.15	1.153	0		
14/09/2022 00:00	1.153	1.159	1.151	1.156	0		
15/09/2022 00:00	1.156	1.157	1.146	1.147	0		
16/09/2022 00:00	1.147	1.148	1.138	1.139	0		
19/09/2022 00:00	1.141	1.143	1.138	1.14	0		
20/09/2022 00:00	1.14	1.147	1.138	1.141	0		
21/09/2022 00:00	1.141	1.15	1.14	1.146	0		
22/09/2022 00:00	1.146	1.151	1.141	1.144	0		
23/09/2022 00:00	1.144	1.148	1.118	1.119	0		
26/09/2022 00:00	1.118	1.13	1.079	1.112	0		
27/09/2022 00:00	1.111	1.124	1.11	1.119	0		
28/09/2022 00:00	1.118	1.13	1.103	1.118	0		
29/09/2022 00:00	1.118	1.135	1.114	1.133	0		
30/09/2022 00:00	1.133	1.143	1.13	1.139	0		
03/10/2022 00:00	1.142	1.153	1.132	1.152	0		
04/10/2022 00:00	1.152	1.156	1.144	1.149	0		
05/10/2022 00:00	1.149	1.154	1.139	1.146	0		
06/10/2022 00:00	1.146	1.147	1.134	1.14	0		
07/10/2022 00:00	1.14	1.145	1.135	1.139	0		
10/10/2022 00:00	1.139	1.143	1.134	1.14	0		
11/10/2022 00:00	1.14	1.146	1.129	1.133	0		
12/10/2022 00:00	1.131	1.148	1.128	1.144	0		
13/10/2022 00:00	1.144	1.162	1.141	1.159	0		
14/10/2022 00:00	1.159	1.162	1.147	1.15	0		
17/10/2022 00:00	1.154	1.166	1.151	1.155	0		
18/10/2022 00:00	1.155	1.158	1.145	1.148	0		
19/10/2022 00:00	1.148	1.152	1.145	1.148	0		
20/10/2022 00:00	1.148	1.153	1.142	1.148	0		
21/10/2022 00:00	1.148	1.149	1.139	1.146	0		
24/10/2022 00:00	1.153	1.154	1.141	1.143	0		
25/10/2022 00:00	1.143	1.154	1.142	1.151	0		
26/10/2022 00:00	1.151	1.157	1.149	1.153	0		
27/10/2022 00:00	1.153	1.162	1.151	1.161	0		
28/10/2022 00:00	1.161	1.167	1.156	1.165	0		
31/10/2022 00:00	1.165	1.167	1.159	1.16	0		
01/11/2022 00:00	1.161	1.164	1.159	1.163	0		
02/11/2022 00:00	1.163	1.167	1.158	1.16	0		
03/11/2022 00:00	1.16	1.162	1.144	1.145	0		
04/11/2022 00:00	1.145	1.15	1.138	1.149	0		
07/11/2022 00:00	1.14	1.151	1.134	1.149	0		
08/11/2022 00:00	1.149	1.151	1.144	1.146	0		
09/11/2022 00:00	1.146	1.148	1.133	1.135	0		
10/11/2022 00:00	1.135	1.15	1.134	1.148	0		
11/11/2022 00:00	1.147	1.148	1.139	1.143	0		
14/11/2022 00:00	1.141	1.146	1.133	1.138	0		
15/11/2022 00:00	1.138	1.148	1.132	1.147	0		
16/11/2022 00:00	1.147	1.148	1.139	1.146	0		
17/11/2022 00:00	1.146	1.15	1.14	1.145	0		
18/11/2022 00:00	1.145	1.152	1.144	1.152	0		
21/11/2022 00:00	1.145	1.155	1.144	1.154	0		
22/11/2022 00:00	1.154	1.159	1.152	1.154	0		
23/11/2022 00:00	1.154	1.165	1.149	1.16	0		
24/11/2022 00:00	1.16	1.167	1.158	1.164	0		
25/11/2022 00:00	1.164	1.166	1.16	1.163	0		
28/11/2022 00:00	1.163	1.165	1.153	1.157	0		
29/11/2022 00:00	1.157	1.162	1.156	1.158	0		
30/11/2022 00:00	1.158	1.16	1.154	1.159	0		
01/12/2022 00:00	1.159	1.17	1.157	1.165	0		
02/12/2022 00:00	1.165	1.169	1.159	1.166	0		
05/12/2022 00:00	1.165	1.168	1.157	1.162	0		
06/12/2022 00:00	1.162	1.166	1.158	1.159	0		
07/12/2022 00:00	1.159	1.163	1.157	1.162	0		
08/12/2022 00:00	1.162	1.162	1.157	1.159	0		
09/12/2022 00:00	1.159	1.168	1.157	1.164	0		
12/12/2022 00:00	1.164	1.167	1.16	1.164	0		
13/12/2022 00:00	1.164	1.168	1.156	1.163	0		
14/12/2022 00:00	1.163	1.169	1.159	1.163	0		
15/12/2022 00:00	1.163	1.164	1.145	1.146	0		
16/12/2022 00:00	1.146	1.149	1.14	1.147	0		
19/12/2022 00:00	1.148	1.151	1.144	1.145	0		
20/12/2022 00:00	1.145	1.148	1.14	1.147	0		
21/12/2022 00:00	1.147	1.148	1.138	1.139	0		
22/12/2022 00:00	1.139	1.141	1.132	1.136	0		
23/12/2022 00:00	1.136	1.139	1.133	1.135	0		
28/12/2022 00:00	1.136	1.137	1.134	1.132	0		
29/12/2022 00:00	1.132	1.134	1.129	1.131	0		
30/12/2022 00:00	1.131	1.134	1.126	1.128	0		
02/01/2023 00:00	1.131	1.131	1.126	1.13	0		
03/01/2023 00:00	1.13	1.14	1.12	1.135	0		
04/01/2023 00:00	1.135	1.139	1.133	1.137	0		
05/01/2023 00:00	1.137	1.138	1.128	1.132	0		
06/01/2023 00:00	1.132	1.137	1.127	1.136	0		
09/01/2023 00:00	1.136	1.14	1.133	1.135	0		
10/01/2023 00:00	1.135	1.136	1.13	1.132	0		
11/01/2023 00:00	1.132	1.133	1.126	1.13	0		
12/01/2023 00:00	1.13	1.132	1.124	1.126	0		
13/01/2023 00:00	1.126	1.131	1.124	1.13	0		
16/01/2023 00:00	1.129	1.13	1.126	1.127	0		
17/01/2023 00:00	1.127	1.139	1.125	1.139	0		
18/01/2023 00:00	1.139	1.145	1.136	1.144	0		
19/01/2023 00:00	1.144	1.147	1.138	1.144	0		
20/01/2023 00:00	1.144	1.144	1.138	1.14	0		
23/01/2023 00:00	1.141	1.143	1.134	1.139	0		
24/01/2023 00:00	1.139	1.141	1.13	1.133	0		
25/01/2023 00:00	1.133	1.137	1.13	1.136	0		
26/01/2023 00:00	1.136	1.14	1.133	1.139	0		
27/01/2023 00:00	1.139	1.141	1.136	1.141	0		
30/01/2023 00:00	1.14	1.141	1.136	1.138	0		
31/01/2023 00:00	1.139	1.14	1.132	1.134	0		
01/02/2023 00:00	1.134	1.135	1.125	1.126	0		
02/02/2023 00:00	1.126	1.127	1.117	1.121	0		
03/02/2023 00:00	1.121	1.123	1.114	1.116	0		
06/02/2023 00:00	1.112	1.122	1.116	1.121	0		
07/02/2023 00:00	1.121	1.124	1.118	1.123	0		
08/02/2023 00:00	1.123	1.127	1.121	1.127	0		
09/02/2023 00:00	1.127	1.131	1.125	1.128	0		
10/02/2023 00:00	1.128	1.134	1.127	1.13	0		
13/02/2023 00:00	1.129	1.134	1.127	1.132	0		
14/02/2023 00:00	1.132	1.139	1.13	1.134	0		
15/02/2023 00:00	1.134	1.134	1.123	1.126	0		
16/02/2023 00:00	1.126	1.128	1.122	1.123	0		
17/02/2023 00:00	1.123	1.127	1.12	1.126	0		
20/02/2023 00:00	1.125	1.128	1.125	1.127	0		
21/02/2023 00:00	1.127	1.138	1.125	1.137	0		
22/02/2023 00:00	1.137	1.139	1.133	1.136	0		
23/02/2023 00:00	1.136	1.137	1.133	1.134	0		
24/02/2023 00:00	1.134	1.137	1.13	1.132	0		
27/02/2023 00:00	1.133	1.138	1.132	1.137	0		
28/02/2023 00:00	1.137	1.142	1.135	1.137	0		
01/03/2023 00:00	1.138	1.139	1.124	1.127	0		
02/03/2023 00:00	1.127	1.129	1.125	1.127	0		
03/03/2023 00:00	1.127	1.133	1.127	1.133	0		
06/03/2023 00:00	1.133	1.133	1.125	1.126	0		
07/03/2023 00:00	1.126	1.129	1.12	1.122	0		
08/03/2023 00:00	1.121	1.125	1.121	1.123	0		
09/03/2023 00:00	1.123	1.128	1.122	1.126	0		
10/03/2023 00:00	1.127	1.134	1.125	1.131	0		
13/03/2023 00:00	1.13	1.137	1.128	1.135	0		
14/03/2023 00:00	1.135	1.139	1.132	1.132	0		
15/03/2023 00:00	1.133	1.147	1.131	1.14	0		
16/03/2023 00:00	1.14	1.143	1.134	1.141	0		
17/03/2023 00:00	1.141	1.144	1.13	1.13	0		
20/03/2023 00:00	1.142	1.146	1.14	1.145	0		
21/03/2023 00:00	1.145	1.146	1.131	1.135	0		
22/03/2023 00:00	1.135	1.14	1.129	1.13	0		
23/03/2023 00:00	1.13	1.139	1.128	1.134	0		
24/03/2023 00:00	1.134	1.139	1.133	1.136	0		
27/03/2023 00:00	1.136	1.14	1.135	1.138	0		
28/03/2023 00:00	1.138	1.14	1.135	1.138	0		
29/03/2023 00:00	1.138	1.139	1.135	1.136	0		
30/03/2023 00:00	1.136	1.139	1.132	1.136	0		
31/03/2023 00:00	1.136	1.14	1.135	1.135	0		
03/04/2023 00:00	1.137	1.14	1.135	1.139	0		
04/04/2023 00:00	1.139	1.146	1.138	1.141	0		
05/04/2023 00:00	1.141	1.144	1.138	1.143	0		
06/04/2023 00:00	1.143	1.144	1.138	1.14	0		
11/04/2023 00:00	1.139	1.141	1.138	1.139	0		
12/04/2023 00:00	1.139	1.139	1.133	1.136	0		
13/04/2023 00:00	1.136	1.138	1.131	1.134	0		
14/04/2023 00:00	1.134	1.135	1.12	1.12	0		
17/04/2023 00:00	1.129	1.134	1.128	1.133	0		
18/04/2023 00:00	1.133	1.137	1.132	1.133	0		
19/04/2023 00:00	1.133	1.139	1.131	1.135	0		
20/04/2023 00:00	1.135	1.136	1.133	1.134	0		
21/04/2023 00:00	1.134	1.135	1.122	1.122	0		
24/04/2023 00:00	1.132	1.133	1.129	1.13	0		
25/04/2023 00:00	1.13	1.131	1.127	1.131	0		
26/04/2023 00:00	1.131	1.132	1.127	1.129	0		
27/04/2023 00:00	1.129	1.134	1.127	1.133	0		
28/04/2023 00:00	1.133	1.141	1.129	1.129	0		
02/05/2023 00:00	1.14	1.142	1.133	1.133	0		
03/05/2023 00:00	1.134	1.137	1.132	1.136	0		
04/05/2023 00:00	1.136	1.144	1.135	1.142	0		
05/05/2023 00:00	1.142	1.148	1.136	1.136	0		
08/05/2023 00:00	1.146	1.15	1.143	1.147	0		
09/05/2023 00:00	1.147	1.152	1.146	1.151	0		
10/05/2023 00:00	1.151	1.153	1.149	1.149	0		
11/05/2023 00:00	1.149	1.152	1.145	1.146	0		
12/05/2023 00:00	1.146	1.15	1.139	1.139	0		
15/05/2023 00:00	1.147	1.153	1.146	1.152	0		
16/05/2023 00:00	1.152	1.152	1.147	1.149	0		
17/05/2023 00:00	1.149	1.153	1.147	1.152	0		
18/05/2023 00:00	1.152	1.153	1.149	1.152	0		
19/05/2023 00:00	1.152	1.153	1.15	1.15	0		
22/05/2023 00:00	1.152	1.152	1.149	1.15	0		
23/05/2023 00:00	1.15	1.154	1.147	1.153	0		
24/05/2023 00:00	1.153	1.158	1.148	1.15	0		
25/05/2023 00:00	1.15	1.154	1.149	1.149	0		
26/05/2023 00:00	1.149	1.153	1.148	1.151	0		
29/05/2023 00:00	1.152	1.154	1.15	1.154	0		
30/05/2023 00:00	1.154	1.162	1.153	1.157	0		
31/05/2023 00:00	1.156	1.165	1.156	1.164	0		
01/06/2023 00:00	1.164	1.167	1.161	1.164	0		
02/06/2023 00:00	1.164	1.166	1.161	1.161	0		
05/06/2023 00:00	1.162	1.163	1.158	1.161	0		
06/06/2023 00:00	1.161	1.163	1.159	1.162	0		
07/06/2023 00:00	1.161	1.165	1.161	1.163	0		
08/06/2023 00:00	1.163	1.165	1.161	1.165	0		
09/06/2023 00:00	1.165	1.171	1.164	1.167	0		
12/06/2023 00:00	1.171	1.171	1.162	1.163	0		
13/06/2023 00:00	1.163	1.169	1.161	1.169	0		
14/06/2023 00:00	1.169	1.171	1.168	1.169	0		
15/06/2023 00:00	1.169	1.17	1.164	1.168	0		
16/06/2023 00:00	1.168	1.174	1.167	1.169	0		
19/06/2023 00:00	1.173	1.174	1.17	1.172	0		
20/06/2023 00:00	1.172	1.173	1.165	1.169	0		
21/06/2023 00:00	1.169	1.173	1.16	1.162	0		
22/06/2023 00:00	1.162	1.168	1.158	1.163	0		
23/06/2023 00:00	1.163	1.172	1.162	1.163	0		
26/06/2023 00:00	1.166	1.171	1.163	1.166	0		
27/06/2023 00:00	1.165	1.167	1.161	1.163	0		
28/06/2023 00:00	1.163	1.164	1.155	1.158	0		
29/06/2023 00:00	1.158	1.161	1.157	1.161	0		
30/06/2023 00:00	1.161	1.166	1.157	1.157	0		
03/07/2023 00:00	1.164	1.171	1.161	1.163	0		
04/07/2023 00:00	1.163	1.169	1.162	1.168	0		
05/07/2023 00:00	1.168	1.171	1.166	1.17	0		
06/07/2023 00:00	1.17	1.174	1.168	1.17	0		
07/07/2023 00:00	1.17	1.174	1.169	1.17	0		
10/07/2023 00:00	1.17	1.171	1.165	1.169	0		
11/07/2023 00:00	1.169	1.177	1.168	1.175	0		
12/07/2023 00:00	1.175	1.176	1.166	1.167	0		
13/07/2023 00:00	1.167	1.172	1.166	1.17	0		
14/07/2023 00:00	1.17	1.17	1.164	1.164	0		
17/07/2023 00:00	1.166	1.167	1.163	1.163	0		
18/07/2023 00:00	1.163	1.166	1.161	1.161	0		
19/07/2023 00:00	1.161	1.162	1.149	1.155	0		
20/07/2023 00:00	1.155	1.157	1.15	1.156	0		
21/07/2023 00:00	1.156	1.16	1.152	1.155	0		
24/07/2023 00:00	1.155	1.16	1.155	1.159	0		
25/07/2023 00:00	1.159	1.168	1.158	1.167	0		
26/07/2023 00:00	1.167	1.17	1.164	1.167	0		
27/07/2023 00:00	1.167	1.17	1.163	1.166	0		
28/07/2023 00:00	1.166	1.172	1.164	1.166	0		
31/07/2023 00:00	1.167	1.169	1.164	1.168	0		
01/08/2023 00:00	1.167	1.17	1.162	1.163	0		
02/08/2023 00:00	1.161	1.165	1.159	1.162	0		
03/08/2023 00:00	1.162	1.163	1.155	1.158	0		
04/08/2023 00:00	1.161	1.163	1.156	1.156	0		
07/08/2023 00:00	1.158	1.162	1.157	1.162	0		
08/08/2023 00:00	1.162	1.165	1.159	1.163	0		
09/08/2023 00:00	1.163	1.164	1.158	1.159	0		
10/08/2023 00:00	1.158	1.161	1.154	1.154	0		
11/08/2023 00:00	1.155	1.16	1.153	1.158	0		
14/08/2023 00:00	1.16	1.164	1.158	1.163	0		
15/08/2023 00:00	1.163	1.166	1.161	1.165	0		
16/08/2023 00:00	1.165	1.171	1.164	1.17	0		
17/08/2023 00:00	1.17	1.173	1.169	1.173	0		
18/08/2023 00:00	1.173	1.173	1.168	1.169	0		
21/08/2023 00:00	1.171	1.172	1.168	1.171	0		
22/08/2023 00:00	1.171	1.175	1.17	1.174	0		
23/08/2023 00:00	1.174	1.177	1.167	1.171	0		
24/08/2023 00:00	1.171	1.171	1.165	1.165	0		
25/08/2023 00:00	1.165	1.17	1.165	1.165	0		
28/08/2023 00:00	1.165	1.166	1.163	1.165	0		
29/08/2023 00:00	1.165	1.168	1.161	1.162	0		
30/08/2023 00:00	1.162	1.165	1.161	1.164	0		
31/08/2023 00:00	1.164	1.169	1.163	1.169	0		
01/09/2023 00:00	1.169	1.169	1.168	1.169	0		
04/09/2023 00:00	1.169	1.171	1.168	1.17	0		
05/09/2023 00:00	1.17	1.173	1.166	1.172	0		
06/09/2023 00:00	1.172	1.172	1.166	1.166	0		
07/09/2023 00:00	1.166	1.167	1.163	1.166	0		
08/09/2023 00:00	1.166	1.167	1.163	1.165	0		
11/09/2023 00:00	1.165	1.169	1.163	1.164	0		
12/09/2023 00:00	1.164	1.166	1.161	1.161	0		
13/09/2023 00:00	1.161	1.164	1.159	1.164	0		
14/09/2023 00:00	1.164	1.169	1.161	1.166	0		
15/09/2023 00:00	1.166	1.167	1.16	1.16	0		
18/09/2023 00:00	1.161	1.163	1.158	1.158	0		
19/09/2023 00:00	1.158	1.162	1.158	1.161	0		
20/09/2023 00:00	1.16	1.162	1.155	1.158	0		
21/09/2023 00:00	1.158	1.159	1.15	1.153	0		
22/09/2023 00:00	1.153	1.155	1.147	1.149	0		
25/09/2023 00:00	1.15	1.154	1.149	1.153	0		
26/09/2023 00:00	1.153	1.154	1.149	1.15	0		
27/09/2023 00:00	1.15	1.157	1.149	1.155	0		
28/09/2023 00:00	1.155	1.16	1.154	1.155	0		
29/09/2023 00:00	1.155	1.157	1.152	1.152	0		
02/10/2023 00:00	1.154	1.156	1.153	1.154	0		
03/10/2023 00:00	1.153	1.156	1.151	1.154	0		
04/10/2023 00:00	1.154	1.158	1.152	1.155	0		
05/10/2023 00:00	1.155	1.157	1.153	1.156	0		
06/10/2023 00:00	1.156	1.167	1.154	1.156	0		
09/10/2023 00:00	1.156	1.159	1.155	1.158	0		
10/10/2023 00:00	1.158	1.159	1.155	1.158	0		
11/10/2023 00:00	1.158	1.162	1.157	1.159	0		
12/10/2023 00:00	1.159	1.16	1.156	1.156	0		
13/10/2023 00:00	1.157	1.158	1.153	1.153	0		
16/10/2023 00:00	1.155	1.157	1.153	1.157	0		
17/10/2023 00:00	1.157	1.157	1.151	1.152	0		
18/10/2023 00:00	1.152	1.155	1.149	1.152	0		
19/10/2023 00:00	1.152	1.153	1.145	1.148	0		
20/10/2023 00:00	1.148	1.149	1.144	1.146	0		
23/10/2023 00:00	1.148	1.15	1.146	1.148	0		
24/10/2023 00:00	1.148	1.152	1.147	1.148	0		
25/10/2023 00:00	1.148	1.149	1.146	1.146	0		
26/10/2023 00:00	1.146	1.151	1.145	1.148	0		
27/10/2023 00:00	1.148	1.15	1.146	1.147	0		
30/10/2023 00:00	1.147	1.149	1.144	1.146	0		
31/10/2023 00:00	1.146	1.15	1.142	1.149	0		
01/11/2023 00:00	1.149	1.152	1.148	1.15	0		
02/11/2023 00:00	1.15	1.151	1.145	1.149	0		
03/11/2023 00:00	1.149	1.155	1.146	1.153	0		
06/11/2023 00:00	1.153	1.156	1.151	1.152	0		
07/11/2023 00:00	1.151	1.153	1.149	1.149	0		
08/11/2023 00:00	1.15	1.153	1.146	1.147	0		
09/11/2023 00:00	1.147	1.15	1.145	1.146	0		
10/11/2023 00:00	1.146	1.147	1.142	1.144	0		
13/11/2023 00:00	1.144	1.149	1.144	1.147	0		
14/11/2023 00:00	1.147	1.151	1.138	1.149	0		
15/11/2023 00:00	1.149	1.149	1.144	1.145	0		
16/11/2023 00:00	1.145	1.146	1.141	1.144	0		
17/11/2023 00:00	1.144	1.145	1.141	1.142	0		
20/11/2023 00:00	1.142	1.144	1.141	1.143	0		
21/11/2023 00:00	1.143	1.15	1.142	1.149	0		
22/11/2023 00:00	1.149	1.151	1.146	1.148	0		
23/11/2023 00:00	1.148	1.151	1.146	1.149	0		
24/11/2023 00:00	1.149	1.153	1.148	1.152	0		
27/11/2023 00:00	1.152	1.155	1.151	1.153	0		
28/11/2023 00:00	1.153	1.156	1.152	1.155	0		
29/11/2023 00:00	1.155	1.158	1.154	1.157	0		
30/11/2023 00:00	1.157	1.161	1.156	1.159	0		
01/12/2023 00:00	1.16	1.174	1.158	1.168	0		
04/12/2023 00:00	1.168	1.168	1.164	1.166	0		
05/12/2023 00:00	1.166	1.168	1.164	1.166	0		
06/12/2023 00:00	1.166	1.169	1.165	1.167	0		
07/12/2023 00:00	1.166	1.169	1.165	1.166	0		
08/12/2023 00:00	1.167	1.169	1.164	1.166	0		
11/12/2023 00:00	1.166	1.17	1.164	1.167	0		
12/12/2023 00:00	1.166	1.169	1.16	1.164	0		
13/12/2023 00:00	1.164	1.165	1.158	1.16	0		
14/12/2023 00:00	1.161	1.165	1.157	1.161	0		
15/12/2023 00:00	1.162	1.167	1.16	1.164	0		
18/12/2023 00:00	1.163	1.164	1.156	1.158	0		
19/12/2023 00:00	1.158	1.163	1.157	1.16	0		
20/12/2023 00:00	1.159	1.161	1.152	1.155	0		
21/12/2023 00:00	1.155	1.159	1.151	1.152	0		
22/12/2023 00:00	1.152	1.156	1.151	1.153	0		
27/12/2023 00:00	1.153	1.157	1.149	1.153	0		
28/12/2023 00:00	1.153	1.154	1.147	1.151	0		
29/12/2023 00:00	1.151	1.155	1.149	1.154	0		
02/01/2024 00:00	1.151	1.157	1.152	1.153	0		
03/01/2024 00:00	1.153	1.161	1.153	1.16	0		
04/01/2024 00:00	1.16	1.162	1.157	1.159	0		
05/01/2024 00:00	1.158	1.163	1.158	1.162	0		
08/01/2024 00:00	1.162	1.165	1.16	1.164	0		
09/01/2024 00:00	1.164	1.165	1.162	1.163	0		
10/01/2024 00:00	1.163	1.164	1.16	1.161	0		
11/01/2024 00:00	1.161	1.165	1.157	1.163	0		
12/01/2024 00:00	1.163	1.165	1.162	1.165	0		
15/01/2024 00:00	1.164	1.164	1.161	1.162	0		
16/01/2024 00:00	1.162	1.165	1.16	1.162	0		
17/01/2024 00:00	1.162	1.167	1.16	1.165	0		
18/01/2024 00:00	1.165	1.169	1.164	1.168	0		
19/01/2024 00:00	1.168	1.17	1.164	1.166	0		
22/01/2024 00:00	1.166	1.169	1.165	1.168	0		
23/01/2024 00:00	1.168	1.17	1.167	1.169	0		
24/01/2024 00:00	1.168	1.172	1.166	1.169	0		
25/01/2024 00:00	1.169	1.174	1.167	1.172	0		
26/01/2024 00:00	1.172	1.173	1.17	1.17	0		
29/01/2024 00:00	1.171	1.175	1.17	1.173	0		
30/01/2024 00:00	1.173	1.174	1.167	1.171	0		
31/01/2024 00:00	1.171	1.18	1.169	1.173	0		
01/02/2024 00:00	1.173	1.174	1.168	1.172	0		
02/02/2024 00:00	1.172	1.175	1.17	1.171	0		
05/02/2024 00:00	1.172	1.173	1.166	1.167	0		
06/02/2024 00:00	1.167	1.172	1.166	1.172	0		
07/02/2024 00:00	1.171	1.174	1.171	1.173	0		
08/02/2024 00:00	1.172	1.173	1.17	1.171	0		
09/02/2024 00:00	1.171	1.172	1.17	1.171	0		
12/02/2024 00:00	1.171	1.173	1.17	1.172	0		
13/02/2024 00:00	1.172	1.182	1.171	1.176	0		
14/02/2024 00:00	1.176	1.177	1.17	1.171	0		
15/02/2024 00:00	1.171	1.172	1.166	1.17	0		
16/02/2024 00:00	1.17	1.171	1.167	1.169	0		
19/02/2024 00:00	1.17	1.171	1.168	1.169	0		
20/02/2024 00:00	1.169	1.17	1.166	1.168	0		
21/02/2024 00:00	1.168	1.169	1.166	1.168	0		
22/02/2024 00:00	1.168	1.17	1.166	1.17	0		
23/02/2024 00:00	1.17	1.173	1.169	1.171	0		
26/02/2024 00:00	1.171	1.172	1.168	1.169	0		
27/02/2024 00:00	1.169	1.17	1.167	1.17	0		
28/02/2024 00:00	1.17	1.17	1.167	1.168	0		
29/02/2024 00:00	1.168	1.17	1.165	1.169	0		
01/03/2024 00:00	1.169	1.169	1.166	1.168	0		
04/03/2024 00:00	1.168	1.17	1.167	1.169	0		
05/03/2024 00:00	1.169	1.172	1.168	1.17	0		
06/03/2024 00:00	1.17	1.171	1.168	1.168	0		
07/03/2024 00:00	1.168	1.173	1.168	1.17	0		
08/03/2024 00:00	1.17	1.176	1.17	1.175	0		
11/03/2024 00:00	1.175	1.175	1.172	1.173	0		
12/03/2024 00:00	1.173	1.173	1.169	1.171	0		
13/03/2024 00:00	1.171	1.172	1.168	1.169	0		
14/03/2024 00:00	1.169	1.172	1.168	1.172	0		
15/03/2024 00:00	1.171	1.172	1.168	1.169	0		
18/03/2024 00:00	1.17	1.171	1.168	1.171	0		
19/03/2024 00:00	1.171	1.172	1.169	1.171	0		
20/03/2024 00:00	1.171	1.172	1.168	1.17	0		
21/03/2024 00:00	1.17	1.173	1.165	1.165	0		
22/03/2024 00:00	1.165	1.167	1.16	1.16	0		
25/03/2024 00:00	1.166	1.168	1.165	1.166	0		
26/03/2024 00:00	1.166	1.167	1.164	1.166	0		
27/03/2024 00:00	1.166	1.168	1.165	1.167	0		
28/03/2024 00:00	1.167	1.171	1.167	1.17	0		
29/03/2024 00:00	1.17	1.172	1.168	1.169	0		
01/04/2024 00:00	1.17	1.171	1.168	1.168	0		
02/04/2024 00:00	1.168	1.171	1.166	1.167	0		
03/04/2024 00:00	1.167	1.169	1.165	1.168	0		
04/04/2024 00:00	1.168	1.168	1.165	1.166	0		
05/04/2024 00:00	1.166	1.167	1.163	1.165	0		
08/04/2024 00:00	1.166	1.167	1.165	1.165	0		
09/04/2024 00:00	1.165	1.168	1.165	1.168	0		
10/04/2024 00:00	1.167	1.171	1.166	1.167	0		
11/04/2024 00:00	1.167	1.171	1.167	1.17	0		
12/04/2024 00:00	1.17	1.173	1.167	1.17	0		
15/04/2024 00:00	1.17	1.173	1.169	1.171	0		
16/04/2024 00:00	1.171	1.173	1.169	1.171	0		
17/04/2024 00:00	1.17	1.174	1.166	1.167	0		
18/04/2024 00:00	1.167	1.17	1.167	1.169	0		
19/04/2024 00:00	1.169	1.169	1.159	1.161	0		
22/04/2024 00:00	1.161	1.162	1.157	1.159	0		
23/04/2024 00:00	1.16	1.164	1.157	1.163	0		
24/04/2024 00:00	1.163	1.165	1.163	1.165	0		
25/04/2024 00:00	1.165	1.168	1.164	1.166	0		
26/04/2024 00:00	1.166	1.169	1.164	1.167	0		
29/04/2024 00:00	1.168	1.172	1.168	1.172	0		
30/04/2024 00:00	1.172	1.172	1.168	1.171	0		
02/05/2024 00:00	1.171	1.172	1.166	1.169	0		
03/05/2024 00:00	1.169	1.17	1.165	1.165	0		
06/05/2024 00:00	1.166	1.169	1.165	1.166	0		
07/05/2024 00:00	1.166	1.167	1.165	1.165	0		
08/05/2024 00:00	1.166	1.164	1.16	1.163	0		
09/05/2024 00:00	1.163	1.165	1.16	1.162	0		
10/05/2024 00:00	1.162	1.164	1.161	1.161	0		
13/05/2024 00:00	1.163	1.165	1.161	1.164	0		
14/05/2024 00:00	1.164	1.165	1.161	1.164	0		
15/05/2024 00:00	1.164	1.166	1.162	1.165	0		
16/05/2024 00:00	1.165	1.166	1.164	1.166	0		
17/05/2024 00:00	1.166	1.169	1.165	1.166	0		
20/05/2024 00:00	1.168	1.171	1.167	1.17	0		
21/05/2024 00:00	1.17	1.172	1.169	1.171	0		
22/05/2024 00:00	1.171	1.176	1.17	1.175	0		
23/05/2024 00:00	1.175	1.177	1.172	1.174	0		
24/05/2024 00:00	1.174	1.175	1.172	1.174	0		
27/05/2024 00:00	1.175	1.177	1.172	1.176	0		
28/05/2024 00:00	1.176	1.177	1.174	1.176	0		
29/05/2024 00:00	1.175	1.179	1.174	1.176	0		
30/05/2024 00:00	1.176	1.176	1.174	1.175	0		
31/05/2024 00:00	1.175	1.176	1.17	1.174	0		
03/06/2024 00:00	1.174	1.175	1.172	1.174	0		
04/06/2024 00:00	1.174	1.176	1.173	1.174	0		
05/06/2024 00:00	1.174	1.177	1.173	1.176	0		
06/06/2024 00:00	1.176	1.177	1.173	1.175	0		
07/06/2024 00:00	1.175	1.178	1.173	1.177	0		
10/06/2024 00:00	1.181	1.185	1.18	1.183	0		
11/06/2024 00:00	1.182	1.188	1.181	1.186	0		
12/06/2024 00:00	1.186	1.188	1.183	1.184	0		
13/06/2024 00:00	1.184	1.189	1.182	1.188	0		
14/06/2024 00:00	1.188	1.191	1.182	1.184	0		
17/06/2024 00:00	1.185	1.186	1.182	1.184	0		
18/06/2024 00:00	1.184	1.184	1.181	1.183	0		
19/06/2024 00:00	1.183	1.186	1.183	1.184	0		
20/06/2024 00:00	1.184	1.186	1.182	1.183	0		
21/06/2024 00:00	1.183	1.184	1.181	1.183	0		
24/06/2024 00:00	1.182	1.183	1.179	1.182	0		
